a = 8;
b = 360;
c = 360;
d = 20400;
e = 5135;
f = 312850;

A = [a b
    c d];
B = [e
    f];

X = A\B