function func = project_func(x1,x2)
x1 = [10.5; 10.5; 10.5; 10.5; 11.5; 11.5; 11.5; 11.5; 12.5; 12.5; 12.5; 12.5; 13.5; 13.5; 13.5; 13.5]
x2 = [3.5; 4.5; 5.5; 6.5; 3.5; 4.5; 5.5; 6.5; 3.5; 4.5; 5.5; 6.5; 3.5; 4.5; 5.5; 6.5]
y = [1.9367; 3.1133; 2.96; 2.9933; 2.3233; 3.1133; 3.0667; 2.9400; 1.8633; 2.2233; 2.6700; 2.9100; 2.0600; 2.5800; 2.6133; 3.2567]

z0 = ones(16,1)
z1 = x1;
z2 = x2;
z3 = x1.*x2;
z4 = x1.^2;
z5 = x2.^2;
z6 = x1.^3;
z7 = x2.^3;
z8 = x1.^2.*x2.^2;
Z = [z0 z1 z2 z3 z4 z5 z6 z7 z8];

A = Z'*Z
B = Z'*y
a = A\B


func = -(a(1) + a(2).*Z(2) + a(3).*Z(3) + a(4).*Z(4) + a(5).*Z(5) + a(6).*Z(6))
end
